State  input  next  output
000    0001   000   0101 0
000    0010   000
000    0011   000
000    0100   000
000    0101   000
000    0110   001
000    0111   000
000    1000   000
000    1001   000

001    0001   001   0001 0
001    0010   010
001    0011   010
001    0100   010
001    0101   001
001    0110   001
001    0111   010
001    1000   010
001    1001   011

010    0001   010   1001 1
010    0010   010
010    0011   010
010    0100   010
010    0101   010
010    0110   010
010    0111   010
010    1000   010
010    1001   010

011    0001   011   0011 0
011    0010   101
011    0011   011
011    0100   100
011    0101   011
011    0110   011
011    0111   100
011    1000   100
011    1001   011

100    0001   100   0010 1
100    0010   100
100    0011   100
100    0100   100
100    0101   100
100    0110   100
100    0111   100
100    1000   100
100    1001   100

101    0001   101   0111 1
101    0010   101
101    0011   101
101    0100   101
101    0101   101
101    0110   101
101    0111   101
101    1000   101
101    1001   101

